%% Bode Transfer Functions

% We will only use this file to create our transfer functions

%% Transfer Function Setup

% Case: (Does NOT Include Road Input Signal)
% Head Transfer Function
num_h = [3.58822*10^11*cs (1.62261*10^13*cs + 3.58822*10^11*ks)...
        (1.44016*10^14*cs + 1.62261*10^13*ks)...
        1.44016*10^14*ks];
den_h = [7.776*10^6 (1.10215*10^9 + 248400*cs)...
        (8.8563*10^10 + 3.4985*10^7*cs + 248400*ks)...
        (6.01197*10^12 + 1.84453*10^9*cs + 3.4985*10^7*ks)...
        (2.49896*10^14 + 5.40027*10^10*cs + 1.84453*10^9*ks)...
        (4.94897*10^15 + 1.19781*10^12*cs + 5.40027*10^10*ks)...
        (4.39249*10^16 + 1.62261*10^13*cs + 1.19781*10^12*ks)...
        (1.44016*10^14*cs + 1.62261*10^13*ks)...
        1.44016*10^14 ks];

% Body Transfer Function
num_b = [5.2768*10^9*cs (4.22822*10^11*cs + 5.2768*10^9*ks)...
        (1.62261*10^13*cs + 4.22822*10^11*ks)...
        (1.44016*10^14*cs + 1.62261*10^13*ks)...
        1.44016*10^14*ks];
den_b = [7.776*10^6 (1.10215*10^9 + 248400*cs)...
        (8.8563*10^10 + 3.4985*10^7*cs + 248400*ks)...
        (6.01197*10^12 + 1.84453*10^9*cs + 3.4985*10^7*ks)...
        (2.49896*10^14 + 5.40027*10^10*cs + 1.84453*10^9*ks)...
        (4.94897*10^15 + 1.19781*10^12*cs + 5.40027*10^10*ks)...
        (4.39249*10^16 + 1.62261*10^13*cs + 1.19781*10^12*ks)...
        (1.44016*10^14*cs + 1.62261*10^13*ks)...
        1.44016*10^14*ks];   

% Suspension Transfer Function
num_s = [1.44*10^8*cs (1.94208*10^10*cs + 1.44*10^8*ks)...
        (8.90874*10^11*cs + 1.94208*10^10*ks)...
        (1.62261*10^13*cs + 8.90874*10^11*ks)...
        (1.44016*10^14*cs + 1.62261*10^13*ks)...
        1.44016*10^14 ks];
den_s = [7.776*10^6 (1.10215*10^9 + 248400*cs)...
        (8.8563*10^10 + 3.4985*10^7*cs + 248400*ks)...
        (6.01197*10^12 + 1.84453*10^9*cs + 3.4985*10^7*ks)...
        (2.49896*10^14 + 5.40027*10^10*cs + 1.84453*10^9*ks)...
        (4.94897*10^15 + 1.19781*10^12*cs + 5.40027*10^10*ks)...
        (4.39249*10^16 + 1.62261*10^13*cs + 1.19781*10^12*ks)...
        (1.44016*10^14*cs + 1.62261*10^13*ks)...
        (1.44016*10^14*ks)];
    
% Tire Transfer Function
num_u = [3.456*10^10 (4.89845*10^12 + 1.44*10^8*cs)...
        (2.40013*10^14 + 1.94208*10^10*cs + 1.44*10^8*ks)...
        (4.94897*10^15 + 8.90874*10^11*cs + 1.94208*10^10*ks)...
        (4.39249*10^16 + 1.62261*10^13*cs + 8.90874*10^11*ks)...
        (1.44016*10^14*cs + 1.62261*10^13*ks)...
        1.44016*10^14*ks];
den_u = [7.776*10^6 (1.10215*10^9 + 248400*cs)...
        (8.8563*10^10 + 3.4985*10^7*cs + 248400*ks)...
        (6.01197*10^12 + 1.84453*10^9*cs + 3.4985*10^7*ks)...
        (2.49896*10^14 + 5.40027*10^10*cs + 1.84453*10^9*ks)...
        (4.94897*10^15 + 1.19781*10^12*cs + 5.40027*10^10*ks)...
        (4.39249*10^16 + 1.62261*10^13*cs + 1.19781*10^12*ks)...
        (1.44016*10^14*cs + 1.62261*10^13*ks)...
        1.44016*10^14*ks];